%Calculate UBR Stats

%Using second basement (5th in order)
%Control (baserunning = 100/50)
ERAcon = 4.52;
TripDoubcon = 521/3458;
sbcon = 598;
cscon = 443;
onbasecon = 21854+5866-2162;

%Adj (baserunning = 50/35)
ERA1 = 4.50;
TripDoub1 = 524/3481;
sb1 = 626;
cs1 = 401;
onbase1 = 21585+5760-2106;

%Adj (baserunning = 150/65)
ERA2 = 4.51;
TripDoub2 = 504/3457;
sb2 = 612;
cs2 = 429;
onbase2 = 21608+5979-2059;

%Adj (baserunning = 200/80)
ERA3 = 4.51;
TripDoub3 = 506/3415;
sb3 = 601;
cs3 = 437;
onbase3 = 21768+5830-2093;

%Adj (Speed = 50/35)
ERA4 = 4.53;
TripDouble4 = 274/3693;
sb4 = 251;
cs4 = 170;
onbase4 = 21788 + 5803-2121;

%Adj (Speed = 200/80)
ERA5 = 4.58;
TripDouble5 = 697/3263;
sb5 = 1667;
cs5 = 1209;
onbase5 = 21761+5771-2229;